name: combo_pro
channels:
  - anaconda
  - conda-forge
  - defaults
dependencies:
  - bzip2=1.0.8=hcfcfb64_5
  - ca-certificates=2024.2.2=h56e8100_0
  - glib=2.80.2=h0df6a38_0
  - glib-tools=2.80.2=h2f9d560_0
  - gst-plugins-base=1.24.3=hba88be7_0
  - gstreamer=1.24.3=h5006eae_0
  - icu=73.2=h63175ca_0
  - krb5=1.21.2=heb0366b_0
  - libclang13=18.1.5=default_hf64faad_0
  - libffi=3.4.2=h8ffe710_5
  - libglib=2.80.2=h0df6a38_0
  - libiconv=1.17=hcfcfb64_2
  - libintl=0.22.5=h5728263_2
  - libintl-devel=0.22.5=h5728263_2
  - libjpeg-turbo=3.0.0=hcfcfb64_1
  - libogg=1.3.4=h8ffe710_1
  - libpng=1.6.43=h19919ed_0
  - libsqlite=3.45.3=hcfcfb64_0
  - libvorbis=1.3.7=h0e60522_0
  - libzlib=1.2.13=hcfcfb64_5
  - openssl=3.3.0=hcfcfb64_0
  - packaging=24.0=pyhd8ed1ab_0
  - pcre2=10.43=h17e33f8_0
  - pip=24.0=pyhd8ed1ab_0
  - ply=3.11=pyhd8ed1ab_2
  - pyqt=5.15.10=py310hd77b12b_0
  - pyqt5-sip=12.13.0=py310h2bbff1b_0
  - python=3.10.14=h4de0772_0_cpython
  - python_abi=3.10=4_cp310
  - qt-main=5.15.8=hcef0176_21
  - setuptools=69.5.1=pyhd8ed1ab_0
  - sip=6.7.12=py310h00ffb61_0
  - tk=8.6.13=h5226925_1
  - tomli=2.0.1=pyhd8ed1ab_0
  - tzdata=2024a=h0c530f3_0
  - ucrt=10.0.22621.0=h57928b3_0
  - vc=14.3=hcf57466_18
  - vc14_runtime=14.38.33130=h82b7239_18
  - vs2015_runtime=14.38.33130=hcb4865c_18
  - wheel=0.43.0=pyhd8ed1ab_1
  - xz=5.2.6=h8d14728_0
  - zstd=1.5.6=h0ea2cb4_0
prefix: C:\Users\AHMED\miniconda3\envs\combo_pro
